1		1	45	5.956798	55.89102957,3.97305187,55.90566437,9.90404797
2		2	1	3.308131	55.87485263,9.89403159,52.59755081,9.89339729
3		2	46	5.920339	52.57616106,3.97305187,52.59755081,9.89339729
4		3	2	3.931414	52.59755081,9.89339729,48.66616106,9.88305188
5		3	47	5.910000	48.66616106,9.88305188,48.66616106,3.97305187
6		4	48	5.910000	45.40616107,9.88305188,45.40616107,3.97305187
7		4	3	3.260000	45.40616107,9.88305188,48.66616106,9.88305188
8		5	4	3.910000	45.40616107,9.88305188,41.49616106,9.88305188
9		5	49	5.910000	41.49616106,9.88305188,41.49616106,3.97305187
10		6	5	3.260000	41.49616106,9.88305188,38.23616105,9.88305188
11		6	50	5.910000	38.23616105,9.88305188,38.23616105,3.97305187
12		7	6	3.910000	38.23616105,9.88305188,34.32616104,9.88305188
13		7	51	5.910000	34.32616104,9.88305188,34.32616104,3.97305187
14		8	7	3.260000	34.32616104,9.88305188,31.06616106,9.88305188
15		8	52	5.910000	31.06616106,9.88305188,31.06616106,3.97305187
16		9	8	3.910000	31.06616106,9.88305188,27.15616105,9.88305188
17		9	53	5.910000	27.15616105,9.88305188,27.15616105,3.97305187
18		10	9	3.260000	27.15616105,9.88305188,23.89616106,9.88305188
19		10	54	5.910000	23.89549676,9.88402363,23.89616106,3.97305187
20		12	10	3.942000	23.89616106,9.88305188,19.95422541,9.88305188
21		12	55	5.910033	19.95422541,9.88305188,19.9738449,3.97305187
22		13	12	3.228000	19.95422541,9.88305188,16.72616107,9.88305188
23		13	56	5.910000	16.72616107,9.88305188,16.72616107,3.97305187
24		14	13	3.910000	16.72616107,9.88305188,12.81616106,9.88305188
25		14	57	5.910000	12.81616106,9.88305188,12.81616106,3.97305187
26		15	14	3.282400	12.81616106,9.88305188,9.53378049,9.88305188
27		15	58	5.910042	9.53378049,9.88305188,9.55616105,3.97305187
28		77	15	6.628388	9.54082761,9.88409903,9.5117993,16.514009
29		30	29	3.990906	55.87059797,25.61668731,55.87862178,29.63510959
30		32	74	4.034422	52.64294068,25.62299393,52.61366105,29.63305187
31		28	74	4.054332	52.63478367,25.58719498,48.56766193,25.55615877
32		33	28	4.059770	48.56472726,25.60404242,48.56866105,29.63305187
33		27	28	3.137655	48.53397751,25.57342857,45.36368427,25.57992962
34		34	27	4.059908	45.43004322,25.62089311,45.44366106,29.63305187
35		26	27	4.011081	45.414234,25.57992962,41.41436673,25.5881318
36		35	26	4.060077	41.43582425,25.63774621,41.39866106,29.63305187
37		25	26	3.157788	41.39751682,25.57126666,38.22744583,25.57776722
38		24	25	4.016885	38.23958206,25.56271913,34.24431115,25.56093097
39		23	24	3.153150	34.2521489,25.55770012,31.10801867,25.5524984
40		22	23	3.963791	31.0827361,25.55250562,27.13480963,25.55250562
41		21	22	3.202095	27.15165954,25.5524984,23.92958602,25.5524984
42		20	21	4.060768	23.90430346,25.55250562,19.88168513,25.55250562
43		19	20	3.130632	19.88169283,25.5524984,16.73431113,25.5524984
44		18	19	3.983347	16.73431113,25.55250562,12.73419229,25.56339324
45		37	18	4.061638	12.7510422,26.66727281,12.71866106,29.63305187
46		38	19	4.055410	16.75430927,25.57244616,16.76366106,29.63305187
47		39	20	4.089105	19.90585568,25.57244262,19.88866105,29.63305187
48		40	21	4.076764	23.91692034,25.5534893,23.93366105,29.63305187
49		41	22	4.111366	27.13588071,25.5619147,27.05866108,29.63305187
50		42	23	4.089101	31.08795856,25.58719264,31.10366105,29.63305187
51		43	24	4.089235	34.24793332,25.56191147,34.22866107,29.63305187
52		44	25	4.072250	38.25899853,25.60404026,38.27366107,29.63305187
53		63	14	6.510001	12.79090377,16.39305187,12.81616106,9.88305189
54		73	13	6.509959	16.73586398,16.39305187,16.72616107,9.88305189
55		64	12	6.509988	19.93261408,16.39305187,19.95422541,9.88305189
56		72	10	6.509959	23.90586397,16.39305187,23.89616106,9.88305189
57		71	9	6.509954	27.15114408,16.39305187,27.15616105,9.88305189
58		70	8	6.509959	31.07586396,16.39305187,31.06616106,9.88305189
59		69	7	6.510001	34.30093352,16.39305187,34.32616104,9.88305189
60		68	6	6.509959	38.24586396,16.39305187,38.23616105,9.88305189
61		67	5	6.510001	41.4709513,16.39305187,41.49616106,9.88305189
62		66	4	6.509959	45.41584849,16.39305187,45.40616107,9.88305189
63		65	3	6.510001	48.64099157,16.39305187,48.66616106,9.88305189
64		28	65	9.180482	48.56472726,25.62089311,48.64099157,16.39305187
65		27	66	9.180194	45.41317791,25.60404242,45.41584849,16.39305187
66		26	67	9.180208	41.43582425,25.57032897,41.4709513,16.39305187
67		19	73	9.184671	16.76273423,25.56402082,16.73586398,16.39305187
68		20	64	9.151091	19.90585568,25.55559192,19.93261408,16.39305187
69		21	72	9.163366	23.925353,25.56191465,23.90586397,16.39305187
70		22	71	9.129577	27.14430566,25.55348213,27.15114408,16.39305187
71		23	70	9.151006	31.08795856,25.56190937,31.07586396,16.39305187
72		24	69	9.151028	34.26479093,25.55348612,34.30093352,16.39305187
73		25	68	9.167856	38.26742499,25.57032897,38.24586396,16.39305187
74		18	63	9.178736	12.7510422,26.66727282,12.79090377,16.39305187
75		17	18	3.289465	12.75099999,25.57184578,9.47841979,25.57681143
76		62	17	2.367235	9.48500419,25.57681143,7.12805377,25.56734578
77		16	15	2.422600	9.53380001,9.8831,7.11120001,9.8831
78		76	2	6.021813	52.59759999,9.89340001,52.61339804,15.91519239
79		90	60	5.897366	61.8062,15.9031,55.91240623,15.92398712
80		75	76	4.854981	52.61339804,15.91519239,52.64296207,20.75243244
81		31	59	5.918867	61.8062,20.7281,55.91238778,20.73557764
82		74	75	4.828673	52.64296207,20.78613383,52.63880269,25.59875628
83		29	61	5.934331	61.8062,25.61810001,55.87866257,25.60614324
84		29	31	4.900032	55.87868796,20.75242833,55.8705959,25.61457571
85		75	31	3.244900	55.8887154,20.74249182,52.64151541,20.74919183
86		17	77	9.047188	9.50923099,16.51144201,9.465947,25.58086462
90		76	90	3.295656	52.64275718,15.90937246,55.89555631,15.92398712
91		31	90	4.784571	55.87880056,20.74400355,55.89555631,15.94083781
92		90	1	6.036842	55.89555641,15.90713224,55.91240632,9.8905377
96		74	29	3.233180	52.63899999,25.59140766,55.88745526,25.61036453
